048
246
012
345
678
036
147
258
048
147
147
147
258
258
258
258
258
258
147
147
147
048
246
012
345
678
036
147
258
147
147
147
147
147
036
036
036
036
036
036
048
246
012
345
678
036
147
258
012
246
678
678
678
678
678
048
246
012
345
678
036
147
258
246
246
147
147
258
258
258
258
258
258
258
258
258
258
258
258
258
147
147
147
147
048
246
012
345
678
036
147
258
147
147
147
147
147
147
147
147
147
246
012
246
246
345
345
345
345
345
048
246
012
345
678
036
147
258
246
246
246
012
012
345
345
345
345
345
345
012
012
012
036
036
036
036
036
036
036
048
246
012
345
678
036
147
258
036
036
036
036
036
036
036
258
258
258
258
258
258
258
258
258
258
258
036
036
036
246
048
246
012
345
678
036
147
258
678
678
678
678
678
678
678
678
678
246
246
048
0126
345
13678
147
048
2358
012
258
258
258
258
258
258
0345
345
048
246
012
345
678
036
147
258
345
345
345
345
345
345
345
02367
012
012
012
012
012
012
012
012
012
012
258
02348
258
345
345
048
012
678
678
678
678
678
678
678
048
246
012
345
678
036
147
258
678
036
036
036
036
147
147
147
147
147
147
258
258
258
258
258
258
258
258
258
258
258
258
258
258
258
147
147
147
147
147
036
036
036
036
036
036
036
036
036
036
036
036
048
246
012
345
678
036
147
258
036
036
036
036
036
036
678
678
678
678
678
345
345
345
345
345
345
345
345
345
048
147
0147
147
0147
246
048
2578
0345
012
012
012
012
012
012
012
258
246
246
246
048
246
012
345
678
036
147
258
246
246
246
246
246
246
147
147
147
147
147
147
147
147
246
246
246
036
036
036
036
036
036
036
036
036
036
036
048
246
012
345
678
036
147
258
036
246
246
246
012
012
012
012
345
345
345
678
678
678
678
678
678
678
678
678
678
678
345
345
345
012
012
012
012
048
246
012
345
678
036
147
258
012
012
012
246
246
246
048
0136
0346
048
0147
036
0345
345
048
048
048
345
0147
048
048
1467
048
048
246
012
345
678
036
147
258
0124
1347
0345
036
0147
0246
048
048
048
048
048
048
048
048
246
012
048
246
012
345
678
036
147
258
012
012
012
012
012
012
012
012
012
012
246
246
246
246
246
246
246
246
246
246
246
246
246
246
246
048
246
012
345
678
036
147
258
246
246
246
246
246
246
048
048
048
048
048
048
048
048
048
048
2467
048
246
0346
02467
048
147
1345
048
246
012
345
678
036
147
258
048
246
012
345
678
036
147
258
0345
2678
258
246
246
2345
048
048
048
048
048
0246
048
246
012
345
678
036
147
258
0246
048
048
048
048
0345
13678
048
1345
048
02346
048
246
012
345
678
036
147
258
0148
13458
2456
0478
3678
03457
23678
048
0468
0124
048
0148
1247
0248
0367
048
0458
2468
0258
0248
12568
0248
1246
258
0136
2458
02456
2345
0125
048
0147
05678
